{"success":true,"terms":"https:\/\/currencylayer.com\/terms","privacy":
"https:\/\/currencylayer.com\/privacy","timestamp":1638432603,"source":
"USD","quotes":
{"USDAED":3.673102,
"USDAFN":96.160043,
"USDALL":106.939975,
"USDAMD":486.46048,
"USDANG":1.801209,
"USDAOA":565.14003,
"USDARS":100.969026,
"USDAUD":1.407995,
"USDAWG":1.8005,
"USDAZN":1.700392,
"USDBAM":1.726568,
"USDBBD":2.017947,
"USDBDT":85.724299,
"USDBGN":1.727365,
"USDBHD":0.37706,
"USDBIF":1991.083292,
"USDBMD":1,
"USDBND":1.362314,
"USDBOB":6.890497,
"USDBRL":5.696007,
"USDBSD":0.999395,
"USDBTC":1.7563196e-5,
"USDBTN":74.814066,
"USDBWP":11.668484,
"USDBYN":2.542936,
"USDBYR":19600,
"USDBZD":2.014486,
"USDCAD":1.27974,
"USDCDF":2002.999811,
"USDCHF":0.921515,
"USDCLF":0.030408,
"USDCLP":839.060032,
"USDCNY":6.374799,
"USDCOP":3966.56,
"USDCRC":627.657837,
"USDCUC":1,
"USDCUP":26.5,
"USDCVE":97.334157,
"USDCZK":22.473499,
"USDDJF":177.915491,
"USDDKK":6.57075,
"USDDOP":56.389182,
"USDDZD":139.110955,
"USDEGP":15.715008,
"USDERN":15.00031,
"USDETB":48.23195,
"USDEUR":0.883615,
"USDFJD":2.1318,
"USDFKP":0.745434,
"USDGBP":0.752865,
"USDGEL":3.125007,
"USDGGP":0.745434,
"USDGHS":6.133557,
"USDGIP":0.745434,
"USDGMD":52.421651,
"USDGNF":9504.063282,
"USDGTQ":7.731849,
"USDGYD":208.986185,
"USDHKD":7.78923,
"USDHNL":24.111553,
"USDHRK":6.643599,
"USDHTG":98.817433,
"USDHUF":320.095033,
"USDIDR":14401.35,
"USDILS":3.16883,
"USDIMP":0.745434,
"USDINR":74.940498,
"USDIQD":1458.140777,
"USDIRR":42274.999817,
"USDISK":129.549577,
"USDJEP":0.745434,
"USDJMD":155.391943,
"USDJOD":0.70897,
"USDJPY":113.179501,
"USDKES":112.608796,
"USDKGS":84.796895,
"USDKHR":4066.901797,
"USDKMF":436.374955,
"USDKPW":900.00035,
"USDKRW":1174.944982,
"USDKWD":0.30256,
"USDKYD":0.832807,
"USDKZT":435.992391,
"USDLAK":10843.444754,
"USDLBP":1511.306106,
"USDLKR":201.878804,
"USDLRD":142.050174,
"USDLSL":15.999676,
"USDLTL":2.95274,
"USDLVL":0.60489,
"USDLYD":4.593546,
"USDMAD":9.220991,
"USDMDL":17.691551,
"USDMGA":3981.35585,
"USDMKD":54.422279,
"USDMMK":1783.944438,
"USDMNT":2858.218612,
"USDMOP":8.022882,
"USDMRO":356.999828,
"USDMUR":43.60027,
"USDMVR":15.450434,
"USDMWK":816.493416,
"USDMXN":21.41375,
"USDMYR":4.231501,
"USDMZN":63.829646,
"USDNAD":16.000185,
"USDNGN":410.759785,
"USDNIO":35.211286,
"USDNOK":9.09684,
"USDNPR":119.707436,
"USDNZD":1.468105,
"USDOMR":0.385005,
"USDPAB":0.999338,
"USDPEN":4.062554,
"USDPGK":3.509418,
"USDPHP":50.435,
"USDPKR":175.196352,
"USDPLN":4.06784,
"USDPYG":6838.543943,
"USDQAR":3.640987,
"USDRON":4.373302,
"USDRSD":103.895056,
"USDRUB":74.149499,
"USDRWF":1035.253821,
"USDSAR":3.751674,
"USDSBD":8.084122,
"USDSCR":13.080081
"USDSDG":437.476658,
"USDSEK":9.085951,
"USDSGD":1.36668,
"USDSHP":1.377398,
"USDSLL":11122.496279,
"USDSOS":584.000202,
"USDSRD":21.516969,
"USDSTD":20697.981008,
"USDSVC":8.744819,
"USDSYP":1256.783558,
"USDSZL":15.786932,
"USDTHB":33.861499,
"USDTJS":11.283142,
"USDTMT":3.5,
"USDTND":2.882505,
"USDTOP":2.28395,
"USDTRY":13.44915,
"USDTTD":6.773512,
"USDTWD":27.730502,
"USDTZS":2302.999567,
"USDUAH":27.272117,
"USDUGX":3562.695856,
"USDUSD":1,
"USDUYU":43.988153,
"USDUZS":10760.126591,
"USDVEF":213830222338.07285,
"USDVND":22730,
"USDVUV":111.319609,
"USDWST":2.563641,
"USDXAF":579.065754,
"USDXAG":0.044757,
"USDXAU":0.000563,
"USDXCD":2.70255,
"USDXDR":0.713457,
"USDXOF":579.065754,
"USDXPF":105.609279,
"USDYER":250.250105,
"USDZAR":15.986496,
"USDZMK":9001.202078,
"USDZMW":17.814344,
"USDZWL":321.999592}}